[10, 20]-41
[10, 22]-93
[10, 24]-90
[10, 26]-24
[10, 28]-70
[10, 29]-39
[10, 31]-47
[10, 33]-35
[10, 35]-83
[11, 20]-38
[11, 22]-66
[11, 24]-45
[11, 26]-11
[11, 28]-53
[11, 29]-35
[11, 31]-88
[11, 33]-75
[11, 35]-21
[12, 20]-56
[12, 22]-81
[12, 24]-34
[12, 26]-76
[12, 28]-53
[12, 29]-44
[12, 31]-70
[12, 33]-38
[12, 35]-32
[14, 20]-86
[14, 22]-13
[14, 24]-23
[14, 26]-93
[14, 28]-68
[14, 29]-26
[14, 31]-53
[14, 33]-52
[14, 35]-29
[15, 20]-76
[15, 22]-60
[15, 24]-43
[15, 26]-82
[15, 28]-40
[15, 29]-72
[15, 31]-48
[15, 33]-29
[15, 35]-75
[16, 20]-16
[16, 22]-49
[16, 24]-36
[16, 26]-53
[16, 28]-18
[16, 29]-47
[16, 31]-27
[16, 33]-98
[16, 35]-78
[18, 20]-68
[18, 22]-63
[18, 24]-33
[18, 26]-92
[18, 28]-27
[18, 29]-48
[18, 31]-13
[18, 33]-15
[18, 35]-37
[19, 20]-47
[19, 22]-3
[19, 24]-8
[19, 26]-17
[19, 28]-62
[19, 29]-62
[19, 31]-14
[19, 33]-35
[19, 35]-84
[20, 20]-7
[20, 22]-23
[20, 24]-63
[20, 26]-24
[20, 28]-37
[20, 29]-18
[20, 31]-44
[20, 33]-6
[20, 35]-18
