[10, 20]-36
[10, 22]-32
[10, 24]-38
[10, 26]-64
[10, 28]-9
[10, 30]-62
[10, 32]-56
[10, 34]-41
[10, 35]-56
[11, 20]-24
[11, 22]-65
[11, 24]-27
[11, 26]-27
[11, 28]-85
[11, 30]-83
[11, 32]-6
[11, 34]-38
[11, 35]-82
[12, 20]-72
[12, 22]-42
[12, 24]-17
[12, 26]-15
[12, 28]-79
[12, 30]-11
[12, 32]-10
[12, 34]-47
[12, 35]-39
[13, 20]-53
[13, 22]-86
[13, 24]-33
[13, 26]-13
[13, 28]-15
[13, 30]-59
[13, 32]-16
[13, 34]-39
[13, 35]-38
[14, 20]-15
[14, 22]-54
[14, 24]-58
[14, 26]-84
[14, 28]-47
[14, 30]-78
[14, 32]-68
[14, 34]-69
[14, 35]-25
[15, 20]-52
[15, 22]-36
[15, 24]-35
[15, 26]-40
[15, 28]-65
[15, 30]-40
[15, 32]-83
[15, 34]-50
[15, 35]-23
[16, 20]-27
[16, 22]-59
[16, 24]-42
[16, 26]-42
[16, 28]-63
[16, 30]-51
[16, 32]-5
[16, 34]-90
[16, 35]-83
[17, 20]-36
[17, 22]-53
[17, 24]-63
[17, 26]-77
[17, 28]-78
[17, 30]-50
[17, 32]-86
[17, 34]-24
[17, 35]-33
[18, 20]-70
[18, 22]-32
[18, 24]-71
[18, 26]-18
[18, 28]-29
[18, 30]-73
[18, 32]-40
[18, 34]-80
[18, 35]-78
